Matrix :

0,00     3,00     4,00     4,00     0,00     4,00     4,00     3,00     4,00     3,00     

3,00     4,00     3,00     2,00     4,00     3,00     4,00     4,00     3,00     4,00     

0,00     0,00     2,00     0,00     0,00     1,00     0,00     0,00     3,00     0,00     

0,00     0,00     3,00     3,00     1,00     0,00     0,00     1,00     0,00     4,00     

0,00     1,00     0,00     3,00     0,00     2,00     0,00     0,00     0,00     0,00     

0,00     4,00     2,00     3,00     0,00     3,00     0,00     0,00     0,00     0,00     

0,00     4,00     2,00     4,00     1,00     0,00     3,00     3,00     2,00     0,00     

3,00     2,00     0,00     4,00     0,00     0,00     2,00     0,00     4,00     3,00     

2,00     0,00     0,00     1,00     2,00     0,00     0,00     0,00     0,00     3,00     

0,00     1,00     2,00     4,00     2,00     3,00     2,00     2,00     4,00     3,00     



Method : Fadeeva        Step = 0,1


Result :

y0 = 0,50    vec0 = ( -0,15   0,30   -0,40   -0,17   -0,24   0,04   -0,52   0,47   0,19   0,34 )

y1 = 15,93    vec1 = ( 0,46   0,60   0,05   0,14   0,09   0,23   0,34   0,33   0,14   0,31 )

